15 0.17265625 0.6578125 0.08281250000000001 0.25
15 0.76875 0.55703125 0.09062500000000001 0.2390625
15 0.8609375 0.59296875 0.096875 0.18906250000000002
15 0.9328125 0.58359375 0.0625 0.1859375
15 0.68125 0.5078125 0.078125 0.18125000000000002
15 0.7585937500000001 0.38984375000000004 0.0890625 0.2015625
15 0.4453125 0.40546875000000004 0.078125 0.2265625
15 0.6375000000000001 0.421875 0.053125000000000006 0.184375
15 0.5984375000000001 0.4296875 0.065625 0.19062500000000002
15 0.25625000000000003 0.6468750000000001 0.096875 0.265625
15 0.50546875 0.47968750000000004 0.0671875 0.134375
